2024-10-28
10          14          19          24          26          01          10
c		    vc			h			h			vc			vc			vc																											
2		    0           3           3           2           2           2
6		    7           10          8           9	        8           10
5.25		5.75        8.75        4.75        8.          8.5         8.5	
6.72        6.70        7.424       6.401       6.89        7.78        8.92

2024-10-26
02          03          07          10          25          01          11
vc		    h			c			c			c			vc			h								    																							
1		    5           2           1           2           1           5
8		    11          6           6           5           7           13
5.75		8.5         8.0         5.0         6.5         8.25        7.5
7.083       7.25        7.40        6.723       7.14        7.784       8.40

2024-10-23
03          09          16          30          31          08          09
h		    vh			h			vh			c			h			vc																											
4		    3           4           3	        2           4           0	
10		    8           9           5           6           10          7
8.25		7.5         8.5         6.75        6.25        8.75        9.75
7.221       6.61        5.98        8.244       7.429       7.733       8.358

2024-10-21
05          06          09          15          17          03          10
vc		    vh			c			c            c			vh			vc																								
1		    3           2           2            2          4           2
6		    6           7           5            8          6           9
7.75		8.0	        7.5	        7.75         7.0        7.75        8.5
7.2810      6.939       6.59        6.465        6.75       8.229       8.911

2024-10-19
07          15          18          24          33          04          05
c		    c			vh			vc			c			vh			vc																												
1		    1           3           2           2           3           2
6		    5           4           7           4           5           11
7.75		7.5         7.0         4.5	        6.75        5.          9.5
7.378604    6.44916     6.7526      6.3922      8.4977      7.966       8.592565


2024-10-16
04          12          17          23           27         02          08
c		    h			vc			vc			 h			vh			h								 																			
1		    4           1           1            3          3           3
7		    10          7           8            10         8           9
6.75		9.25        6.75        5.75         7.75       9.0         8.5
6.470588    6.6034155   6.736243    6.9829226	 7.001898	8.29222	    7.7229605   		    	

2024-10-14
06          12          28          30          33          02         07
c		    h			h			c			c			c		   vc																 													
2		    3           4           2           1           2           1
6		    9           11          4           3           7           8
7.75		9.0         7.75        6.5	        6.75        8.75        9.25
6.9286256   6.58694     6.852695    8.2384205   8.485193	8.276385	8.883826   

2024-10-12
01          03          09          16          19          05         11
h		    h		    c		    vh		    h		    vc		    h		
3		    3           2           4           4           1           5
9		    9           7           9           9           11          12
6.5         8.0	        7.25        8.25        8.5	        9.5         7.5
7.48196     7.216103    6.589442    5.98177     7.4249907   8.583365    8.393468


2024-10-09
02      10       22      26      28      02      04
vc      vc       c       vc      h       c       c
0       0        1       2       3       1       2
7       6        6       8       10      6       4
6       5        7.5     8.5     7.75    8.75    4.75


2024-10-07
01      03      06      16      25      01      11
h       vc      c       vh      c       vc      h
3       2       1       4       1       0       5
8       9       5       8       5       7       11
6.25    7.78    7.75    8       6.76    8.25    7.25

2024-10-05
03  04  12  19  24  08  12
vc  vc  h   vh  vc  h   c
上  均  上  均多 少  多  均少

2024-09-30
12  27  30  34  35  05  11
vc, h,  c,  h,  c,  h,  h
上  上  少  均  少   多  均少

2024-09-28
16  18  25  26  33  04  08
vh  c   c   vc  c   c   vh
3   2   0   1   1   1   3
8   4   4   8   5   3   8
上  上  少  上  均少 少  多

2024-09-25
05  15  24  31  34  03  10
c   c   vc  c   vc  vh  h
2   1   1   2   2   3   3
8   6   7   6   8   9   10
上  上  少 均少  均  均多 均

2024-09-23
03  09  19  27  30  07  11
vc  c   vh  h   c   vc  h
1   2   6   2   0   0   4
7   6   8   9   2   8   9
均  多 均多 上  均少 均多 均少

2024-09-21
01  07  08  18  28  04  12
vh  c   c   c   vc  c   c
3   2   0   1   2   0   1
8   7   4   3   10  2   5
少  多  多  均  上  少  均少

2024-09-18
12  23  26  27  28  03  11
vh  vc  vc  h   vc  vh  h
3   1   1   3   1   3   3
9   7   7   8   9   9   8
上  少  上  均  上   均  均少